% From T. A. F. König, P. A. Ledin, J. Kerszulis, M. A. Mahmoud; M. A. El-Sayed, J. R. Reynolds and V. V. Tsukruk. Electrically tunable plasmonic behavior of nanocube-polymer nanomaterials induced by a redox-active electrochromic polymer, ACS Nano 8, 6182-6192 (2014)
251.572327	2.32	0.5778
253.164557	2.33	0.5697
254.7247329	2.35	0.56008
256.3572462	2.36	0.54889
257.9034942	2.37	0.53614
259.5228129	2.39	0.52188
261.1076016	2.4	0.50619
262.7118644	2.41	0.48921
264.2796249	2.42	0.47112
265.8662093	2.43	0.45212
267.4719586	2.44	0.43242
269.0972222	2.44	0.41225
270.6832569	2.45	0.39183
272.2880984	2.45	0.37138
273.8515901	2.45	0.3511
275.4331408	2.45	0.33116
277.0330652	2.45	0.3117
278.5890811	2.44	0.29286
280.2259887	2.44	0.27472
281.8181818	2.44	0.25736
283.4285714	2.43	0.24083
284.9919559	2.42	0.22515
286.5726832	2.42	0.21033
288.1710435	2.41	0.19638
289.7873335	2.4	0.18327
291.3533835	2.39	0.17099
292.9364517	2.38	0.15951
294.5368171	2.37	0.14878
296.1547647	2.37	0.13878
297.7190876	2.36	0.12948
299.3000241	2.35	0.12082
300.8978403	2.34	0.11277
302.512808	2.33	0.10529
304.0706229	2.32	0.09835
305.7199211	2.31	0.09192
307.3110285	2.3	0.08595
308.8418431	2.3	0.08042
310.4656985	2.29	0.0753
312.0281832	2.28	0.07055
313.6858082	2.27	0.06616
315.2008134	2.26	0.0621
316.8114461	2.26	0.05835
318.4386235	2.25	0.05488
321.5767635	2.23	0.04872
323.1691426	2.23	0.046
324.7773704	2.22	0.04349
326.4016847	2.21	0.04119
327.9555673	2.21	0.03907
329.6119086	2.2	0.03713
331.1965812	2.19	0.03535
332.7072713	2.19	0.03373
334.3219197	2.18	0.03226
335.9523164	2.18	0.03092
337.5068046	2.17	0.0297
339.0757451	2.17	0.02861
340.7529541	2.16	0.02763
342.2577974	2.16	0.02675
343.8713256	2.15	0.02597
345.5001393	2.15	0.02527
347.0472992	2.14	0.0246
348.7064117	2.14	0.02395
350.2824859	2.13	0.02331
351.8728717	2.13	0.0227
353.4777651	2.13	0.02211
354.9957057	2.12	0.02153
356.6292781	2.12	0.02097
358.1744656	2.11	0.02043
359.8374927	2.11	0.0199
361.4106674	2.11	0.0194
362.9976581	2.1	0.0189
364.5986475	2.1	0.01843
366.2138216	2.1	0.01796
367.7342823	2.09	0.01752
369.3774203	2.09	0.01708
370.9243195	2.09	0.01666
372.4842295	2.08	0.01625
374.1701871	2.08	0.01585
375.7575758	2.08	0.01547
377.3584906	2.07	0.0151
378.8573174	2.07	0.01474
380.4848113	2.07	0.01439
382.1263482	2.07	0.01405
383.6633663	2.06	0.01372
385.3325047	2.06	0.0134
386.8954758	2.06	0.01309
388.4711779	2.05	0.01279
390.0597672	2.05	0.0125
391.6614024	2.05	0.01221
393.2762448	2.05	0.01194
394.7787329	2.04	0.01167
396.4194373	2.04	0.01141
398.0738363	2.04	0.01116
399.6132775	2.04	0.01092
401.1646716	2.03	0.01068
402.7281585	2.03	0.01045
404.4357469	2.03	0.01023
406.0248854	2.03	0.01001
407.6265615	2.02	0.0098
409.1059056	2.02	0.0096
410.7320305	2.02	0.0094
412.371134	2.02	0.00921
413.8851802	2.01	0.00902
415.5495979	2.01	0.00884
417.0871174	2.01	0.00867
418.6360567	2.01	0.00849
420.3389831	2.01	0.00833
421.912215	2	0.00817
423.4972678	2	0.00801
425.0942749	2	0.00786
426.7033723	2	0.00771
428.1767956	2	0.00756
429.8093588	1.99	0.00742
431.4544189	1.99	0.00729
432.9608939	1.99	0.00716
434.6302138	1.99	0.00703
436.158987	1.99	0.0069
437.8531073	1.98	0.00678
439.4046775	1.98	0.00666
440.9672831	1.98	0.00655
442.5410421	1.98	0.00644
444.1260745	1.98	0.00633
445.7225018	1.97	0.00623
447.3304473	1.97	0.00612
448.9500362	1.97	0.00602
450.5813953	1.97	0.00593
452.0597886	1.97	0.00583
453.7138675	1.96	0.00574
455.2129222	1.96	0.00565
456.890199	1.96	0.00557
458.4103512	1.96	0.00548
460.1113173	1.96	0.0054
461.6530156	1.95	0.00532
463.2050803	1.95	0.00525
464.7676162	1.95	0.00517
466.5161776	1.95	0.0051
468.1011703	1.95	0.00503
469.6969697	1.95	0.00496
471.1246201	1.94	0.00489
472.7411361	1.94	0.00483
474.3687835	1.94	0.00477
476.0076775	1.94	0.0047
477.4740085	1.94	0.00464
479.1344668	1.94	0.00459
480.8065142	1.93	0.00453
482.302606	1.93	0.00448
483.9968774	1.93	0.00442
485.5129209	1.93	0.00437
487.0384918	1.93	0.00432
488.7662594	1.93	0.00427
490.3123764	1.92	0.00423
491.8683062	1.92	0.00418
493.4341425	1.92	0.00414
495.00998	1.92	0.00409
496.5959151	1.92	0.00405
498.192045	1.92	0.00401
499.7984684	1.91	0.00397
501.4152851	1.91	0.00393
503.0425963	1.91	0.0039
504.6805047	1.91	0.00386
506.122449	1.91	0.00383
507.7805078	1.91	0.00379
509.4494659	1.9	0.00376
510.9188298	1.9	0.00373
512.6085159	1.9	0.0037
514.0961857	1.9	0.00367
515.8069884	1.9	0.00364
517.3133083	1.9	0.00361
518.8284519	1.89	0.00359
520.5709488	1.89	0.00356
522.1052632	1.89	0.00354
523.6486486	1.89	0.00351
525.2011859	1.89	0.00349
526.7629567	1.89	0.00347
528.3340435	1.88	0.00345
529.9145299	1.88	0.00343
531.5045006	1.88	0.00341
533.1040413	1.88	0.00339
534.7132385	1.88	0.00337
536.3321799	1.88	0.00335
537.9609544	1.88	0.00333
539.5996519	1.87	0.00332
541.2483632	1.87	0.0033
542.6695842	1.87	0.00329
544.3371378	1.87	0.00327
546.0149714	1.87	0.00326
547.4613687	1.87	0.00325
549.1585474	1.86	0.00324
550.6216696	1.86	0.00322
552.3385301	1.86	0.00321
553.818669	1.86	0.0032
555.3067622	1.86	0.00319
557.0530099	1.86	0.00318
558.5585586	1.86	0.00317
560.3253502	1.85	0.00317
561.8486633	1.85	0.00316
563.3802817	1.85	0.00315
564.9202733	1.85	0.00314
566.4687072	1.85	0.00314
568.0256528	1.85	0.00313
569.5911805	1.84	0.00313
571.4285714	1.84	0.00312
573.012939	1.84	0.00312
574.6061168	1.84	0.00311
575.9405481	1.84	0.00311
577.5500699	1.84	0.00311
579.1686128	1.84	0.00311
580.7962529	1.83	0.0031
582.4330672	1.83	0.0031
584.0791333	1.83	0.0031
585.73453	1.83	0.0031
587.1212121	1.83	0.0031
588.7939221	1.83	0.0031
590.4761905	1.82	0.0031
591.8854415	1.82	0.0031
593.5854476	1.82	0.0031
595.0095969	1.82	0.00311
596.7276227	1.82	0.00311
598.1669079	1.82	0.00311
599.9032414	1.81	0.00311
601.3579049	1.81	0.00312
603.1128405	1.81	0.00312
604.5831302	1.81	0.00312
606.3569682	1.81	0.00313
607.8431373	1.81	0.00313
609.3366093	1.81	0.00314
610.8374384	1.8	0.00314
612.6482213	1.8	0.00315
614.1654284	1.8	0.00315
615.6901688	1.8	0.00316
617.2224988	1.8	0.00317
618.762475	1.8	0.00317
620.6206206	1.79	0.00318
622.1776217	1.79	0.00319
623.7424547	1.79	0.0032
625.315179	1.79	0.00321
626.8958544	1.79	0.00321
628.4845413	1.79	0.00322
630.0813008	1.79	0.00323
631.6861946	1.78	0.00324
633.299285	1.78	0.00325
634.9206349	1.78	0.00326
636.2237045	1.78	0.00327
637.8600823	1.78	0.00328
639.5048994	1.78	0.00329
641.1582213	1.77	0.0033
642.820114	1.77	0.00331
644.1558442	1.77	0.00333
645.8333333	1.77	0.00334
647.5195822	1.77	0.00335
648.8749346	1.77	0.00336
650.5771249	1.76	0.00338
652.2882693	1.76	0.00339
653.6636795	1.76	0.0034
655.3911205	1.76	0.00342
657.127716	1.76	0.00343
658.5236325	1.76	0.00344
660.2768903	1.76	0.00346
661.6862327	1.75	0.00347
663.4563938	1.75	0.00349
664.8793566	1.75	0.0035
666.3084363	1.75	0.00352
668.1034483	1.75	0.00353
669.5464363	1.75	0.00355
671.3589605	1.74	0.00357
672.8160608	1.74	0.00358
674.2794997	1.74	0.0036
676.1177754	1.74	0.00362
677.5956284	1.74	0.00363
679.0799562	1.74	0.00365
680.5708013	1.73	0.00367
682.4435883	1.73	0.00368
683.9492554	1.73	0.0037
685.461581	1.73	0.00372
686.9806094	1.73	0.00374
688.5063853	1.73	0.00376
690.0389538	1.72	0.00378
691.9642857	1.72	0.0038
693.5123043	1.72	0.00382
695.0672646	1.72	0.00384
696.6292135	1.72	0.00386
698.1981982	1.72	0.00388
699.7742664	1.71	0.0039
701.3574661	1.71	0.00392
702.9478458	1.71	0.00394
704.5454545	1.71	0.00396
706.1503417	1.71	0.00398
707.7625571	1.71	0.004
709.382151	1.7	0.00402
710.6017192	1.7	0.00405
712.2343481	1.7	0.00407
713.8744963	1.7	0.00409
715.5222158	1.7	0.00411
717.1775593	1.7	0.00414
718.8405797	1.69	0.00416
720.0929152	1.69	0.00418
721.7694994	1.69	0.00421
723.453909	1.69	0.00423
725.1461988	1.69	0.00425
726.420621	1.68	0.00428
728.126835	1.68	0.0043
729.841083	1.68	0.00433
731.1320755	1.68	0.00435
732.8605201	1.68	0.00438
734.5971564	1.68	0.0044
735.9050445	1.67	0.00443
737.656157	1.67	0.00446
739.4156231	1.67	0.00448
740.7407407	1.67	0.00451
742.5149701	1.67	0.00453
743.8512298	1.67	0.00456
745.6404089	1.66	0.00459
746.9879518	1.66	0.00462
748.7922705	1.66	0.00464
750.1512402	1.66	0.00467
751.9708914	1.66	0.0047
753.3414338	1.65	0.00473
755.1766139	1.65	0.00476
756.5588774	1.65	0.00478
758.4097859	1.65	0.00481
759.8039216	1.65	0.00484
761.2031921	1.65	0.00487
763.0769231	1.64	0.0049
764.4882861	1.64	0.00493
765.9048796	1.64	0.00496
767.8018576	1.64	0.00499
769.2307692	1.64	0.00502
770.6650093	1.63	0.00505
772.5856698	1.63	0.00509
774.0324594	1.63	0.00512
775.4846779	1.63	0.00515
776.9423559	1.63	0.00518
778.8944724	1.63	0.00521
780.3650094	1.62	0.00524
781.8411097	1.62	0.00528
783.3228048	1.62	0.00531
784.8101266	1.62	0.00534
786.8020305	1.62	0.00538
788.3026065	1.61	0.00541
789.8089172	1.61	0.00544
791.3209955	1.61	0.00548
792.8388747	1.61	0.00551
794.3625881	1.61	0.00555
795.8921694	1.6	0.00558
797.4276527	1.6	0.00562
798.9690722	1.6	0.00565
800.5164622	1.6	0.00569
802.5889968	1.6	0.00572
804.150454	1.6	0.00576
805.7179987	1.59	0.0058
807.2916667	1.59	0.00583
808.8714938	1.59	0.00587
810.4575163	1.59	0.00591
812.0497708	1.59	0.00594
813.1147541	1.58	0.00598
814.717477	1.58	0.00602
816.3265306	1.58	0.00606
817.9419525	1.58	0.0061
819.5637806	1.58	0.00614
821.192053	1.57	0.00617
822.8268082	1.57	0.00621
824.4680851	1.57	0.00625
826.1159227	1.57	0.00629
827.7703605	1.57	0.00633
828.8770053	1.56	0.00637
830.5425318	1.56	0.00641
832.2147651	1.56	0.00646
833.8937458	1.56	0.0065
835.5795148	1.56	0.00654
837.2721134	1.55	0.00658
838.4043272	1.55	0.00662
840.1084011	1.55	0.00666
841.8194162	1.55	0.00671
843.537415	1.55	0.00675
844.6866485	1.54	0.00679
846.4163823	1.54	0.00684
848.1532148	1.54	0.00688
849.3150685	1.54	0.00693
851.0638298	1.53	0.00697
852.8198074	1.53	0.00701
854.5830462	1.53	0.00706
855.7625949	1.53	0.0071
857.538036	1.53	0.00715
858.7257618	1.52	0.0072
860.5135323	1.52	0.00724
862.3087622	1.52	0.00729
863.5097493	1.52	0.00734
865.3175157	1.52	0.00738
867.1328671	1.51	0.00743
868.3473389	1.51	0.00748
870.1754386	1.51	0.00753
871.398454	1.51	0.00758
873.2394366	1.5	0.00763
874.471086	1.5	0.00767
876.3250883	1.5	0.00772
878.1869688	1.5	0.00777
879.4326241	1.5	0.00782
881.307747	1.49	0.00787
882.5622776	1.49	0.00793
884.4507846	1.49	0.00798
885.7142857	1.49	0.00803
887.6163207	1.49	0.00808
888.8888889	1.48	0.00813
890.1651113	1.48	0.00819
892.0863309	1.48	0.00824
893.3717579	1.48	0.00829
895.3068592	1.47	0.00835
896.6015907	1.47	0.0084
898.5507246	1.47	0.00845
899.8548621	1.47	0.00851
901.1627907	1.46	0.00856
903.1318281	1.46	0.00862
904.4493071	1.46	0.00868
906.4327485	1.46	0.00873
907.7598829	1.46	0.00879
909.0909091	1.45	0.00885
911.0947832	1.45	0.0089
912.4356144	1.45	0.00896
913.7803979	1.45	0.00902
915.8050222	1.44	0.00908
917.1597633	1.44	0.00914
918.5185185	1.44	0.0092
920.5642168	1.44	0.00926
921.9330855	1.43	0.00932
923.3060313	1.43	0.00938
924.6830723	1.43	0.00944
926.7563528	1.43	0.0095
928.1437126	1.42	0.00956
929.5352324	1.42	0.00962
930.9309309	1.42	0.00969
933.0323552	1.42	0.00975
934.4385833	1.42	0.00981
935.8490566	1.41	0.00988
937.2637944	1.41	0.00994
939.3939394	1.41	0.01001
940.8194234	1.41	0.01007
942.2492401	1.4	0.01014
943.6834094	1.4	0.01021
945.1219512	1.4	0.01027
946.5648855	1.4	0.01034
948.7375669	1.39	0.01041
950.1915709	1.39	0.01048
951.6500384	1.39	0.01054
953.11299	1.39	0.01061
954.5804465	1.38	0.01068
956.0524287	1.38	0.01075
957.5289575	1.38	0.01082
959.0100541	1.38	0.0109
961.2403101	1.37	0.01097
962.7329193	1.37	0.01104
964.2301711	1.37	0.01111
965.7320872	1.37	0.01119
967.2386895	1.36	0.01126
968.75	1.36	0.01133
970.2660407	1.36	0.01141
971.7868339	1.35	0.01148
973.3124019	1.35	0.01156
974.8427673	1.35	0.01164
976.3779528	1.35	0.01171
977.9179811	1.34	0.01179
979.4628752	1.34	0.01187
981.0126582	1.34	0.01195
982.5673534	1.34	0.01203
984.1269841	1.33	0.01211
985.6915739	1.33	0.01219
987.2611465	1.33	0.01227
988.8357257	1.33	0.01235
990.4153355	1.32	0.01243
992	1.32	0.01252
993.5897436	1.32	0.0126
995.1845907	1.31	0.01268
996.7845659	1.31	0.01277
998.389694	1.31	0.01285
1000	1.31	0.01294
1458.823529	1.3	0.01294