% From ellipsometric measurements by C2N (France, CNRS), 05-Nov-2010
300	1.84E+00	1.96E-01
305	1.83E+00	1.93E-01
310	1.82E+00	1.94E-01
315	1.81E+00	1.99E-01
320	1.80E+00	2.08E-01
325	1.80E+00	2.20E-01
330	1.80E+00	2.33E-01
335	1.81E+00	2.45E-01
340	1.83E+00	2.53E-01
345	1.84E+00	2.55E-01
350	1.86E+00	2.50E-01
355	1.88E+00	2.40E-01
360	1.89E+00	2.25E-01
365	1.90E+00	2.08E-01
370	1.91E+00	1.89E-01
375	1.91E+00	1.71E-01
380	1.91E+00	1.54E-01
385	1.90E+00	1.40E-01
390	1.90E+00	1.27E-01
395	1.89E+00	1.17E-01
400	1.88E+00	1.09E-01
405	1.87E+00	1.02E-01
410	1.87E+00	9.67E-02
415	1.86E+00	9.24E-02
420	1.86E+00	8.88E-02
425	1.85E+00	8.59E-02
430	1.85E+00	8.33E-02
435	1.84E+00	8.10E-02
440	1.84E+00	7.90E-02
445	1.83E+00	7.71E-02
450	1.83E+00	7.54E-02
455	1.83E+00	7.37E-02
460	1.83E+00	7.21E-02
465	1.82E+00	7.06E-02
470	1.82E+00	6.92E-02
475	1.82E+00	6.78E-02
480	1.82E+00	6.64E-02
485	1.81E+00	6.51E-02
490	1.81E+00	6.39E-02
495	1.81E+00	6.27E-02
500	1.81E+00	6.15E-02
505	1.81E+00	6.04E-02
510	1.80E+00	5.93E-02
515	1.80E+00	5.83E-02
520	1.80E+00	5.72E-02
525	1.80E+00	5.63E-02
530	1.80E+00	5.53E-02
535	1.80E+00	5.44E-02
540	1.80E+00	5.35E-02
545	1.79E+00	5.26E-02
550	1.79E+00	5.18E-02
555	1.79E+00	5.10E-02
560	1.79E+00	5.02E-02
565	1.79E+00	4.94E-02
570	1.79E+00	4.87E-02
575	1.79E+00	4.80E-02
580	1.79E+00	4.73E-02
585	1.78E+00	4.66E-02
590	1.78E+00	4.60E-02
595	1.78E+00	4.53E-02
600	1.78E+00	4.47E-02
605	1.78E+00	4.41E-02
610	1.78E+00	4.35E-02
615	1.78E+00	4.30E-02
620	1.78E+00	4.24E-02
625	1.78E+00	4.19E-02
630	1.78E+00	4.13E-02
635	1.78E+00	4.08E-02
640	1.77E+00	4.03E-02
645	1.77E+00	3.98E-02
650	1.77E+00	3.94E-02
655	1.77E+00	3.89E-02
660	1.77E+00	3.85E-02
665	1.77E+00	3.80E-02
670	1.77E+00	3.76E-02
675	1.77E+00	3.72E-02
680	1.77E+00	3.68E-02
685	1.77E+00	3.64E-02
690	1.77E+00	3.60E-02
695	1.77E+00	3.56E-02
700	1.77E+00	3.53E-02
705	1.77E+00	3.49E-02
710	1.77E+00	3.45E-02
715	1.77E+00	3.42E-02
720	1.76E+00	3.39E-02
725	1.76E+00	3.35E-02
730	1.76E+00	3.32E-02
735	1.76E+00	3.29E-02
740	1.76E+00	3.26E-02
745	1.76E+00	3.23E-02
750	1.76E+00	3.20E-02
755	1.76E+00	3.17E-02
760	1.76E+00	3.15E-02
765	1.76E+00	3.12E-02
770	1.76E+00	3.09E-02
775	1.76E+00	3.06E-02
780	1.76E+00	3.04E-02
785	1.76E+00	3.01E-02
790	1.76E+00	2.99E-02
795	1.76E+00	2.97E-02
800	1.76E+00	2.94E-02
805	1.76E+00	2.92E-02
810	1.76E+00	2.90E-02
815	1.76E+00	2.87E-02
820	1.76E+00	2.85E-02
825	1.76E+00	2.83E-02
830	1.75E+00	2.81E-02
835	1.75E+00	2.79E-02
840	1.75E+00	2.77E-02
845	1.75E+00	2.75E-02
850	1.75E+00	2.73E-02
855	1.75E+00	2.71E-02
860	1.75E+00	2.69E-02
865	1.75E+00	2.67E-02
870	1.75E+00	2.66E-02
875	1.75E+00	2.64E-02
880	1.75E+00	2.62E-02
885	1.75E+00	2.60E-02
890	1.75E+00	2.59E-02
895	1.75E+00	2.57E-02
900	1.75E+00	2.55E-02
905	1.75E+00	2.54E-02
910	1.75E+00	2.52E-02
915	1.75E+00	2.51E-02
920	1.75E+00	2.49E-02
925	1.75E+00	2.48E-02
930	1.75E+00	2.46E-02
935	1.75E+00	2.45E-02
940	1.75E+00	2.44E-02
945	1.75E+00	2.42E-02
950	1.75E+00	2.41E-02
955	1.75E+00	2.39E-02
960	1.75E+00	2.38E-02
965	1.75E+00	2.37E-02
970	1.75E+00	2.36E-02
975	1.75E+00	2.34E-02
980	1.75E+00	2.33E-02
985	1.75E+00	2.32E-02
990	1.75E+00	2.31E-02
995	1.75E+00	2.30E-02
1000	1.75E+00	2.28E-02
1005	1.75E+00	2.27E-02
1010	1.75E+00	2.26E-02
1015	1.75E+00	2.25E-02
1020	1.75E+00	2.24E-02
1025	1.74E+00	2.23E-02
1030	1.74E+00	2.22E-02
1035	1.74E+00	2.21E-02
1040	1.74E+00	2.20E-02
1045	1.74E+00	2.19E-02
1050	1.74E+00	2.18E-02
1055	1.74E+00	2.17E-02
1060	1.74E+00	2.16E-02
1065	1.74E+00	2.15E-02
1070	1.74E+00	2.14E-02
1075	1.74E+00	2.13E-02
1080	1.74E+00	2.12E-02
1085	1.74E+00	2.12E-02
1090	1.74E+00	2.11E-02
1095	1.74E+00	2.10E-02
1100	1.74E+00	2.09E-02
1105	1.74E+00	2.08E-02
1110	1.74E+00	2.07E-02
1115	1.74E+00	2.07E-02
1120	1.74E+00	2.06E-02
1125	1.74E+00	2.05E-02
1130	1.74E+00	2.04E-02
1135	1.74E+00	2.03E-02
1140	1.74E+00	2.03E-02
1145	1.74E+00	2.02E-02
1150	1.74E+00	2.01E-02
1155	1.74E+00	2.00E-02
1160	1.74E+00	2.00E-02
1165	1.74E+00	1.99E-02
1170	1.74E+00	1.98E-02
1175	1.74E+00	1.98E-02
1180	1.74E+00	1.97E-02
1185	1.74E+00	1.96E-02
1190	1.74E+00	1.96E-02
1195	1.74E+00	1.95E-02
1200	1.74E+00	1.95E-02
1205	1.74E+00	1.94E-02
1210	1.74E+00	1.93E-02
1215	1.74E+00	1.93E-02
1220	1.74E+00	1.92E-02
1225	1.74E+00	1.92E-02
1230	1.74E+00	1.91E-02
1235	1.74E+00	1.90E-02
1240	1.74E+00	1.90E-02
1245	1.74E+00	1.89E-02
1250	1.74E+00	1.89E-02
1255	1.74E+00	1.88E-02
1260	1.74E+00	1.88E-02
1265	1.74E+00	1.87E-02
1270	1.74E+00	1.87E-02
1275	1.74E+00	1.86E-02
1280	1.74E+00	1.86E-02
1285	1.74E+00	1.85E-02
1290	1.74E+00	1.85E-02
1295	1.74E+00	1.84E-02
1300	1.74E+00	1.84E-02
1305	1.74E+00	1.83E-02
1310	1.74E+00	1.83E-02
1315	1.74E+00	1.82E-02
1320	1.74E+00	1.82E-02
1325	1.74E+00	1.81E-02
1330	1.74E+00	1.81E-02
1335	1.74E+00	1.80E-02
1340	1.74E+00	1.80E-02
1345	1.74E+00	1.80E-02
1350	1.74E+00	1.79E-02
1355	1.74E+00	1.79E-02
1360	1.74E+00	1.78E-02
1365	1.74E+00	1.78E-02
1370	1.74E+00	1.78E-02
1375	1.74E+00	1.77E-02
1380	1.74E+00	1.77E-02
1385	1.74E+00	1.76E-02
1390	1.74E+00	1.76E-02
1395	1.74E+00	1.76E-02
1400	1.74E+00	1.75E-02
1405	1.74E+00	1.75E-02
1410	1.74E+00	1.75E-02
1415	1.74E+00	1.74E-02
1420	1.74E+00	1.74E-02
1425	1.74E+00	1.74E-02
1430	1.74E+00	1.73E-02
1435	1.74E+00	1.73E-02
1440	1.74E+00	1.73E-02
1445	1.74E+00	1.72E-02
1450	1.74E+00	1.72E-02
1455	1.74E+00	1.72E-02
1460	1.74E+00	1.71E-02
1465	1.74E+00	1.71E-02
1470	1.74E+00	1.71E-02
1475	1.74E+00	1.70E-02
1480	1.74E+00	1.70E-02
1485	1.73E+00	1.70E-02
1490	1.73E+00	1.70E-02
1495	1.73E+00	1.69E-02
1500	1.73E+00	1.69E-02
1505	1.73E+00	1.69E-02
1510	1.73E+00	1.68E-02
1515	1.73E+00	1.68E-02
1520	1.73E+00	1.68E-02
1525	1.73E+00	1.68E-02
1530	1.73E+00	1.67E-02
1535	1.73E+00	1.67E-02
1540	1.73E+00	1.67E-02
1545	1.73E+00	1.67E-02
1550	1.73E+00	1.66E-02
1555	1.73E+00	1.66E-02
1560	1.73E+00	1.66E-02
1565	1.73E+00	1.66E-02
1570	1.73E+00	1.65E-02
1575	1.73E+00	1.65E-02
1580	1.73E+00	1.65E-02
1585	1.73E+00	1.65E-02
1590	1.73E+00	1.65E-02
1595	1.73E+00	1.64E-02
1600	1.73E+00	1.64E-02
1605	1.73E+00	1.64E-02
1610	1.73E+00	1.64E-02
1615	1.73E+00	1.63E-02
1620	1.73E+00	1.63E-02
1625	1.73E+00	1.63E-02
1630	1.73E+00	1.63E-02
1635	1.73E+00	1.63E-02
1640	1.73E+00	1.62E-02
1645	1.73E+00	1.62E-02
1650	1.73E+00	1.62E-02
1655	1.73E+00	1.62E-02
1660	1.73E+00	1.62E-02
1665	1.73E+00	1.62E-02
1670	1.73E+00	1.61E-02
1675	1.73E+00	1.61E-02
1680	1.73E+00	1.61E-02
1685	1.73E+00	1.61E-02
1690	1.73E+00	1.61E-02
1695	1.73E+00	1.61E-02
1700	1.73E+00	1.60E-02
1705	1.73E+00	1.60E-02
1710	1.73E+00	1.60E-02
1715	1.73E+00	1.60E-02
1720	1.73E+00	1.60E-02
1725	1.73E+00	1.60E-02
1730	1.73E+00	1.59E-02
1735	1.73E+00	1.59E-02
1740	1.73E+00	1.59E-02
1745	1.73E+00	1.59E-02
1750	1.73E+00	1.59E-02
1755	1.73E+00	1.59E-02
1760	1.73E+00	1.59E-02
1765	1.73E+00	1.59E-02
1770	1.73E+00	1.58E-02
1775	1.73E+00	1.58E-02
1780	1.73E+00	1.58E-02
1785	1.73E+00	1.58E-02
1790	1.73E+00	1.58E-02
1795	1.73E+00	1.58E-02
1800	1.73E+00	1.58E-02
1805	1.73E+00	1.58E-02
1810	1.73E+00	1.57E-02
1815	1.73E+00	1.57E-02
1820	1.73E+00	1.57E-02
1825	1.73E+00	1.57E-02
1830	1.73E+00	1.57E-02
1835	1.73E+00	1.57E-02
1840	1.73E+00	1.57E-02
1845	1.73E+00	1.57E-02
1850	1.73E+00	1.57E-02
1855	1.73E+00	1.56E-02
1860	1.73E+00	1.56E-02
1865	1.73E+00	1.56E-02
1870	1.73E+00	1.56E-02
1875	1.73E+00	1.56E-02
1880	1.73E+00	1.56E-02
1885	1.73E+00	1.56E-02
1890	1.73E+00	1.56E-02
1895	1.73E+00	1.56E-02
1900	1.73E+00	1.56E-02
1905	1.73E+00	1.56E-02
1910	1.73E+00	1.56E-02
1915	1.73E+00	1.55E-02
1920	1.73E+00	1.55E-02
1925	1.73E+00	1.55E-02
1930	1.73E+00	1.55E-02
1935	1.73E+00	1.55E-02
1940	1.73E+00	1.55E-02
1945	1.73E+00	1.55E-02
1950	1.73E+00	1.55E-02
1955	1.73E+00	1.55E-02
1960	1.73E+00	1.55E-02
1965	1.73E+00	1.55E-02
1970	1.73E+00	1.55E-02
1975	1.73E+00	1.55E-02
1980	1.73E+00	1.55E-02
1985	1.73E+00	1.54E-02
1990	1.73E+00	1.54E-02
1995	1.73E+00	1.54E-02
2000	1.73E+00	1.54E-02
2005	1.73E+00	1.54E-02
2010	1.73E+00	1.54E-02
2015	1.73E+00	1.54E-02
2020	1.73E+00	1.54E-02
2025	1.73E+00	1.54E-02
2030	1.73E+00	1.54E-02
2035	1.73E+00	1.54E-02
2040	1.73E+00	1.54E-02
2045	1.73E+00	1.54E-02
2050	1.73E+00	1.54E-02
2055	1.73E+00	1.54E-02
2060	1.73E+00	1.54E-02
2065	1.73E+00	1.54E-02
2070	1.73E+00	1.54E-02
2075	1.73E+00	1.54E-02
2080	1.73E+00	1.54E-02
2085	1.73E+00	1.54E-02
2090	1.73E+00	1.54E-02
2095	1.73E+00	1.54E-02
2100	1.73E+00	1.53E-02
2105	1.73E+00	1.53E-02
2110	1.73E+00	1.53E-02
2115	1.73E+00	1.53E-02
2120	1.73E+00	1.53E-02
2125	1.73E+00	1.53E-02
2130	1.73E+00	1.53E-02
2135	1.73E+00	1.53E-02
2140	1.73E+00	1.53E-02
2145	1.73E+00	1.53E-02
2150	1.73E+00	1.53E-02
2155	1.73E+00	1.53E-02
2160	1.73E+00	1.53E-02
2165	1.73E+00	1.53E-02
2170	1.73E+00	1.53E-02
2175	1.73E+00	1.53E-02
2180	1.73E+00	1.53E-02
2185	1.73E+00	1.53E-02
2190	1.73E+00	1.53E-02
2195	1.73E+00	1.53E-02
2200	1.73E+00	1.53E-02
2205	1.73E+00	1.53E-02
2210	1.73E+00	1.53E-02
2215	1.73E+00	1.53E-02
2220	1.73E+00	1.53E-02
2225	1.73E+00	1.53E-02
2230	1.73E+00	1.53E-02
2235	1.73E+00	1.53E-02
2240	1.73E+00	1.53E-02
2245	1.73E+00	1.53E-02
2250	1.73E+00	1.53E-02
2255	1.73E+00	1.53E-02
2260	1.73E+00	1.53E-02
2265	1.73E+00	1.53E-02
2270	1.73E+00	1.53E-02
2275	1.73E+00	1.53E-02
2280	1.73E+00	1.53E-02
2285	1.73E+00	1.53E-02
2290	1.73E+00	1.53E-02
2295	1.73E+00	1.53E-02
2300	1.73E+00	1.53E-02
2305	1.73E+00	1.53E-02
2310	1.73E+00	1.53E-02
2315	1.73E+00	1.53E-02
2320	1.73E+00	1.53E-02
2325	1.73E+00	1.53E-02
2330	1.73E+00	1.53E-02
2335	1.73E+00	1.53E-02
2340	1.73E+00	1.53E-02
2345	1.73E+00	1.53E-02
2350	1.73E+00	1.53E-02
2355	1.73E+00	1.53E-02
2360	1.73E+00	1.53E-02
2365	1.73E+00	1.53E-02
2370	1.73E+00	1.53E-02
2375	1.73E+00	1.53E-02
2380	1.73E+00	1.53E-02
2385	1.73E+00	1.53E-02
2390	1.73E+00	1.53E-02
2395	1.73E+00	1.53E-02
2400	1.73E+00	1.53E-02
2405	1.73E+00	1.53E-02
2410	1.73E+00	1.53E-02
2415	1.73E+00	1.53E-02
2420	1.73E+00	1.54E-02
2425	1.73E+00	1.54E-02
2430	1.73E+00	1.54E-02
2435	1.73E+00	1.54E-02
2440	1.73E+00	1.54E-02
2445	1.73E+00	1.54E-02
2450	1.73E+00	1.54E-02
2455	1.73E+00	1.54E-02
2460	1.73E+00	1.54E-02
2465	1.73E+00	1.54E-02
2470	1.73E+00	1.54E-02
2475	1.73E+00	1.54E-02
2480	1.73E+00	1.54E-02
2485	1.73E+00	1.54E-02
2490	1.73E+00	1.54E-02
2495	1.73E+00	1.54E-02
2500	1.73E+00	1.54E-02
2505	1.73E+00	1.54E-02
2510	1.73E+00	1.54E-02
2515	1.73E+00	1.54E-02
2520	1.73E+00	1.54E-02
2525	1.73E+00	1.54E-02
2530	1.73E+00	1.54E-02
2535	1.73E+00	1.54E-02
2540	1.73E+00	1.54E-02
2545	1.73E+00	1.54E-02
2550	1.73E+00	1.54E-02
2555	1.73E+00	1.54E-02
2560	1.73E+00	1.55E-02
2565	1.73E+00	1.55E-02
2570	1.73E+00	1.55E-02
2575	1.73E+00	1.55E-02
2580	1.73E+00	1.55E-02
2585	1.73E+00	1.55E-02
2590	1.73E+00	1.55E-02
2595	1.73E+00	1.55E-02
2600	1.73E+00	1.55E-02
2605	1.73E+00	1.55E-02
2610	1.73E+00	1.55E-02
2615	1.73E+00	1.55E-02
2620	1.73E+00	1.55E-02
2625	1.73E+00	1.55E-02
2630	1.73E+00	1.55E-02
2635	1.73E+00	1.55E-02
2640	1.73E+00	1.55E-02
2645	1.73E+00	1.55E-02
2650	1.73E+00	1.55E-02
2655	1.73E+00	1.55E-02
2660	1.73E+00	1.55E-02
2665	1.73E+00	1.56E-02
2670	1.73E+00	1.56E-02
2675	1.73E+00	1.56E-02
2680	1.73E+00	1.56E-02
2685	1.73E+00	1.56E-02
2690	1.73E+00	1.56E-02
2695	1.73E+00	1.56E-02
2700	1.73E+00	1.56E-02
2705	1.73E+00	1.56E-02
2710	1.73E+00	1.56E-02
2715	1.73E+00	1.56E-02
2720	1.73E+00	1.56E-02
2725	1.73E+00	1.56E-02
2730	1.73E+00	1.56E-02
2735	1.73E+00	1.56E-02
2740	1.73E+00	1.56E-02
2745	1.73E+00	1.56E-02
2750	1.73E+00	1.57E-02
2755	1.73E+00	1.57E-02
2760	1.73E+00	1.57E-02
2765	1.73E+00	1.57E-02
2770	1.73E+00	1.57E-02
2775	1.73E+00	1.57E-02
2780	1.73E+00	1.57E-02
2785	1.73E+00	1.57E-02
2790	1.73E+00	1.57E-02
2795	1.73E+00	1.57E-02
2800	1.73E+00	1.57E-02
2805	1.73E+00	1.57E-02
2810	1.73E+00	1.57E-02
2815	1.73E+00	1.57E-02
2820	1.73E+00	1.57E-02
2825	1.73E+00	1.58E-02
2830	1.73E+00	1.58E-02
2835	1.73E+00	1.58E-02
2840	1.73E+00	1.58E-02
2845	1.73E+00	1.58E-02
2850	1.73E+00	1.58E-02
2855	1.73E+00	1.58E-02
2860	1.73E+00	1.58E-02
2865	1.73E+00	1.58E-02
2870	1.73E+00	1.58E-02
2875	1.73E+00	1.58E-02
2880	1.73E+00	1.58E-02
2885	1.73E+00	1.58E-02
2890	1.73E+00	1.58E-02
2895	1.73E+00	1.59E-02
2900	1.73E+00	1.59E-02
2905	1.73E+00	1.59E-02
2910	1.73E+00	1.59E-02
2915	1.73E+00	1.59E-02
2920	1.73E+00	1.59E-02
2925	1.73E+00	1.59E-02
2930	1.73E+00	1.59E-02
2935	1.73E+00	1.59E-02
2940	1.73E+00	1.59E-02
2945	1.73E+00	1.59E-02
2950	1.73E+00	1.59E-02
2955	1.73E+00	1.59E-02
2960	1.73E+00	1.60E-02
2965	1.73E+00	1.60E-02
2970	1.73E+00	1.60E-02
2975	1.73E+00	1.60E-02
2980	1.73E+00	1.60E-02
2985	1.73E+00	1.60E-02
2990	1.73E+00	1.60E-02
2995	1.73E+00	1.60E-02
3000	1.73E+00	1.60E-02
3005	1.73E+00	1.60E-02
3010	1.73E+00	1.60E-02
3015	1.73E+00	1.60E-02
3020	1.73E+00	1.61E-02
3025	1.73E+00	1.61E-02
3030	1.73E+00	1.61E-02
3035	1.73E+00	1.61E-02
3040	1.73E+00	1.61E-02
3045	1.73E+00	1.61E-02
3050	1.73E+00	1.61E-02
3055	1.73E+00	1.61E-02
3060	1.73E+00	1.61E-02
3065	1.73E+00	1.61E-02
3070	1.73E+00	1.61E-02
3075	1.73E+00	1.61E-02
3080	1.73E+00	1.62E-02
3085	1.73E+00	1.62E-02
3090	1.73E+00	1.62E-02
3095	1.73E+00	1.62E-02
3100	1.73E+00	1.62E-02
3105	1.73E+00	1.62E-02
3110	1.73E+00	1.62E-02
3115	1.73E+00	1.62E-02
3120	1.73E+00	1.62E-02
3125	1.73E+00	1.62E-02
3130	1.73E+00	1.62E-02
3135	1.73E+00	1.63E-02
3140	1.73E+00	1.63E-02
3145	1.73E+00	1.63E-02
3150	1.73E+00	1.63E-02
3155	1.73E+00	1.63E-02
3160	1.73E+00	1.63E-02
3165	1.73E+00	1.63E-02
3170	1.73E+00	1.63E-02
3175	1.73E+00	1.63E-02
3180	1.73E+00	1.63E-02
3185	1.73E+00	1.63E-02
3190	1.73E+00	1.64E-02
3195	1.73E+00	1.64E-02
3200	1.73E+00	1.64E-02